       0.000000       0.000000
       0.468750       1.000000
       0.937500       2.000000
       1.406250       3.000000
       1.875000       4.000000
       2.343750       5.000000
       2.812500       6.000000
       3.281250       7.000000
       3.750000       8.000000
       4.218750       9.000000
       4.687500      10.000000
       5.156250      11.000000
       5.625000      12.000000
       6.093750      13.000000
       6.562500      14.000000
       7.031250      15.000000
       7.500000      16.000000
       7.968750      17.000000
       8.437500      18.000000
       8.906250      19.000000
       9.375000      20.000000
       9.843750      21.000000
      10.312500      22.000000
      10.781250      23.000000
      11.250000      24.000000
      11.718750      25.000000
      12.187500      26.000000
      12.656250      27.000000
      13.125000      28.000000
      13.593750      29.000000
      14.062500      30.000000
      14.531250      31.000000
      15.000000      32.000000
      15.468750      33.000000
      15.937500      34.000000
      16.406250      35.000000
      16.875000      36.000000
      17.343750      37.000000
      17.812500      38.000000
      18.281250      39.000000
      18.750000      40.000000
      19.218750      41.000000
      19.687500      42.000000
      20.156250      43.000000
      20.625000      44.000000
      21.093750      45.000000
      21.562500      46.000000
      22.031250      47.000000
      22.500000      48.000000
      22.968750      49.000000
      23.437500      50.000000
      23.906250      51.000000
      24.375000      52.000000
      24.843750      53.000000
      25.312500      54.000000
      25.781250      55.000000
      26.250000      56.000000
      26.718750      57.000000
      27.187500      58.000000
      27.656250      59.000000
      28.125000      60.000000
      28.593750      61.000000
      29.062500      62.000000
      29.531250      63.000000
      30.000000       0.000000
      30.468750     -63.000000
      30.937500     -62.000000
      31.406250     -61.000000
      31.875000     -60.000000
      32.343750     -59.000000
      32.812500     -58.000000
      33.281250     -57.000000
      33.750000     -56.000000
      34.218750     -55.000000
      34.687500     -54.000000
      35.156250     -53.000000
      35.625000     -52.000000
      36.093750     -51.000000
      36.562500     -50.000000
      37.031250     -49.000000
      37.500000     -48.000000
      37.968750     -47.000000
      38.437500     -46.000000
      38.906250     -45.000000
      39.375000     -44.000000
      39.843750     -43.000000
      40.312500     -42.000000
      40.781250     -41.000000
      41.250000     -40.000000
      41.718750     -39.000000
      42.187500     -38.000000
      42.656250     -37.000000
      43.125000     -36.000000
      43.593750     -35.000000
      44.062500     -34.000000
      44.531250     -33.000000
      45.000000     -32.000000
      45.468750     -31.000000
      45.937500     -30.000000
      46.406250     -29.000000
      46.875000     -28.000000
      47.343750     -27.000000
      47.812500     -26.000000
      48.281250     -25.000000
      48.750000     -24.000000
      49.218750     -23.000000
      49.687500     -22.000000
      50.156250     -21.000000
      50.625000     -20.000000
      51.093750     -19.000000
      51.562500     -18.000000
      52.031250     -17.000000
      52.500000     -16.000000
      52.968750     -15.000000
      53.437500     -14.000000
      53.906250     -13.000000
      54.375000     -12.000000
      54.843750     -11.000000
      55.312500     -10.000000
      55.781250      -9.000000
      56.250000      -8.000000
      56.718750      -7.000000
      57.187500      -6.000000
      57.656250      -5.000000
      58.125000      -4.000000
      58.593750      -3.000000
      59.062500      -2.000000
      59.531250      -1.000000
